+---------+-------------------------------+-------------------------+----------------------------------+----------------------------------+----------------------+----------------------+---------------------------+
|DayNumber|avg_DailyAverageStationPressure|avg_DailyAverageWindSpeed|avg_DailyMaximumDryBulbTemperature|avg_DailyMinimumDryBulbTemperature|avg_DailyPeakWindSpeed|avg_DailyPrecipitation|avg_DailySustainedWindSpeed|
+---------+-------------------------------+-------------------------+----------------------------------+----------------------------------+----------------------+----------------------+---------------------------+
|        1|                           29.2|                     8.94|                             60.29|                             39.95|                  25.8|                   0.1|                      19.37|
|        2|                          29.18|                     8.98|                             60.44|                             40.74|                 26.24|                  0.12|                      19.63|
|        3|                          29.19|                     9.19|                             60.26|                             40.88|                 26.42|                   0.1|                      19.94|
|        4|                          29.19|                     9.17|                             60.11|                             40.42|                  26.3|                  0.13|                      19.82|
|        5|                           29.2|                     9.29|                             59.78|                             40.33|                 26.46|                  0.11|                      19.85|
|        6|                          29.22|                     9.02|                             58.84|                             39.29|                 25.87|                  0.11|                      19.51|
|        7|                          29.21|                     8.85|                             59.69|                             39.66|                 25.87|                  0.12|                      19.52|
+---------+-------------------------------+-------------------------+----------------------------------+----------------------------------+----------------------+----------------------+---------------------------+

+---------+----------------------------------+----------------------------+-------------------------------------+-------------------------------------+-------------------------+-------------------------+------------------------------+
|DayNumber|stddev_DailyAverageStationPressure|stddev_DailyAverageWindSpeed|stddev_DailyMaximumDryBulbTemperature|stddev_DailyMinimumDryBulbTemperature|stddev_DailyPeakWindSpeed|stddev_DailyPrecipitation|stddev_DailySustainedWindSpeed|
+---------+----------------------------------+----------------------------+-------------------------------------+-------------------------------------+-------------------------+-------------------------+------------------------------+
|        1|                              0.19|                        3.81|                                21.41|                                19.59|                      8.3|                     0.24|                          6.01|
|        2|                               0.2|                        3.92|                                 22.0|                                19.61|                     8.81|                      0.3|                          6.26|
|        3|                              0.19|                         3.7|                                22.05|                                19.69|                      8.2|                     0.23|                          5.93|
|        4|                               0.2|                        4.05|                                 21.8|                                19.44|                     8.99|                     0.28|                          6.43|
|        5|                               0.2|                        3.91|                                21.87|                                 19.2|                     9.11|                     0.32|                          6.42|
|        6|                               0.2|                        3.83|                                21.93|                                19.51|                     8.45|                     0.31|                          6.25|
|        7|                              0.19|                        3.73|                                21.19|                                19.28|                     8.79|                     0.32|                          6.14|
+---------+----------------------------------+----------------------------+-------------------------------------+-------------------------------------+-------------------------+-------------------------+------------------------------+

+---------+-------------------------------+-------------------------+----------------------------------+----------------------------------+----------------------+----------------------+---------------------------+
|DayNumber|var_DailyAverageStationPressure|var_DailyAverageWindSpeed|var_DailyMaximumDryBulbTemperature|var_DailyMinimumDryBulbTemperature|var_DailyPeakWindSpeed|var_DailyPrecipitation|var_DailySustainedWindSpeed|
+---------+-------------------------------+-------------------------+----------------------------------+----------------------------------+----------------------+----------------------+---------------------------+
|        1|                           0.04|                    14.53|                            458.49|                             383.8|                 68.87|                  0.06|                      36.12|
|        2|                           0.04|                    15.38|                            484.13|                            384.43|                 77.68|                  0.09|                      39.19|
|        3|                           0.03|                    13.69|                            486.04|                            387.55|                  67.3|                  0.05|                      35.16|
|        4|                           0.04|                    16.43|                             475.3|                            378.04|                 80.81|                  0.08|                      41.32|
|        5|                           0.04|                    15.32|                            478.26|                            368.48|                 82.97|                   0.1|                      41.15|
|        6|                           0.04|                    14.68|                            480.98|                            380.74|                 71.43|                   0.1|                      39.03|
|        7|                           0.04|                    13.92|                            448.83|                            371.83|                 77.34|                   0.1|                      37.65|
+---------+-------------------------------+-------------------------+----------------------------------+----------------------------------+----------------------+----------------------+---------------------------+
