+----+----------------------------+-----------------------+--------------------------+--------------------------+-------------------------+--------------------+-----------------------+-------------------+
|Hour|avg_HourlyDryBulbTemperature|avg_HourlyPrecipitation|avg_HourlyRelativeHumidity|avg_HourlySeaLevelPressure|avg_HourlyStationPressure|avg_HourlyVisibility|avg_HourlyWindGustSpeed|avg_HourlyWindSpeed|
+----+----------------------------+-----------------------+--------------------------+--------------------------+-------------------------+--------------------+-----------------------+-------------------+
|   0|                       46.32|                   0.01|                     81.43|                     30.02|                    29.18|                7.93|                  27.42|               7.61|
|   1|                       45.59|                   0.01|                     82.42|                     30.02|                    29.18|                7.77|                  27.89|               7.49|
|   2|                        45.3|                   0.01|                      83.2|                     30.01|                    29.18|                7.59|                  27.57|               7.46|
|   3|                        45.1|                   0.01|                     83.95|                     30.02|                    29.17|                7.45|                  27.88|               7.41|
|   4|                       44.94|                   0.01|                     84.68|                     30.02|                    29.18|                7.26|                  27.78|               7.34|
|   5|                        45.2|                   0.01|                     84.13|                     30.03|                    29.19|                7.26|                  27.88|               7.67|
|   6|                       46.46|                   0.01|                      81.9|                     30.04|                    29.19|                7.34|                  27.52|               8.34|
|   7|                       47.97|                   0.01|                     78.37|                     30.04|                    29.19|                7.43|                  27.18|               9.28|
|   8|                       49.84|                   0.01|                     74.05|                     30.05|                     29.2|                 7.8|                  27.41|              10.14|
|   9|                       51.81|                   0.01|                     70.41|                     30.05|                     29.2|                8.03|                  26.89|              10.68|
|  10|                       53.22|                   0.01|                      67.6|                     30.04|                     29.2|                8.16|                  26.83|              11.01|
|  11|                        54.6|                   0.01|                     65.35|                     30.03|                    29.18|                8.26|                  26.74|              11.35|
|  12|                       54.84|                   0.01|                     63.52|                     30.02|                    29.17|                8.31|                  27.05|              11.72|
|  13|                       55.28|                   0.01|                     62.34|                      30.0|                    29.17|                8.36|                  27.15|              11.87|
|  14|                       55.33|                   0.01|                     62.89|                      30.0|                    29.15|                8.33|                  27.37|              11.78|
|  15|                       55.02|                   0.01|                     63.53|                      30.0|                    29.16|                8.26|                  28.14|              11.55|
|  16|                       53.56|                   0.02|                     65.98|                      30.0|                    29.16|                8.15|                   27.9|              10.92|
|  17|                       52.16|                   0.01|                     68.41|                     30.01|                    29.16|                8.32|                  28.14|              10.03|
|  18|                       50.61|                   0.01|                     71.27|                     30.01|                    29.17|                8.35|                  27.81|                9.2|
|  19|                       49.25|                   0.01|                     73.99|                     30.02|                    29.17|                 8.4|                  28.44|               8.72|
|  20|                       48.53|                   0.01|                     76.03|                     30.02|                    29.18|                8.34|                  28.87|               8.54|
|  21|                       47.49|                   0.01|                     77.88|                     30.02|                    29.18|                 8.1|                  28.33|               8.25|
|  22|                       47.19|                   0.02|                     79.39|                     30.02|                    29.18|                8.07|                  28.61|               8.03|
|  23|                       46.74|                   0.01|                      80.4|                     30.02|                    29.18|                8.02|                  28.07|                7.7|
+----+----------------------------+-----------------------+--------------------------+--------------------------+-------------------------+--------------------+-----------------------+-------------------+

+----+-------------------------------+--------------------------+-----------------------------+-----------------------------+----------------------------+-----------------------+--------------------------+----------------------+
|Hour|stddev_HourlyDryBulbTemperature|stddev_HourlyPrecipitation|stddev_HourlyRelativeHumidity|stddev_HourlySeaLevelPressure|stddev_HourlyStationPressure|stddev_HourlyVisibility|stddev_HourlyWindGustSpeed|stddev_HourlyWindSpeed|
+----+-------------------------------+--------------------------+-----------------------------+-----------------------------+----------------------------+-----------------------+--------------------------+----------------------+
|   0|                          18.85|                      0.06|                        11.65|                         0.22|                        0.21|                   3.03|                      5.41|                  5.42|
|   1|                           18.6|                      0.06|                        11.34|                         0.22|                        0.21|                   3.13|                      5.95|                  5.43|
|   2|                          18.63|                      0.03|                        11.04|                         0.22|                        0.21|                   3.21|                      6.18|                   5.4|
|   3|                          18.66|                      0.04|                        10.71|                         0.22|                        0.21|                   3.28|                       5.3|                  5.46|
|   4|                          18.79|                      0.05|                        10.41|                         0.22|                        0.22|                   3.32|                      5.57|                  5.45|
|   5|                          19.21|                      0.04|                        10.38|                         0.23|                        0.22|                   3.33|                      5.82|                  5.38|
|   6|                          20.19|                      0.05|                        11.31|                         0.23|                        0.22|                   3.32|                      5.63|                  5.29|
|   7|                          20.94|                      0.04|                        13.19|                         0.23|                        0.22|                   3.29|                      5.42|                  5.27|
|   8|                          21.05|                      0.03|                        14.98|                         0.23|                        0.22|                   3.16|                      5.63|                  5.34|
|   9|                          21.39|                      0.05|                        16.37|                         0.23|                        0.22|                   3.05|                      5.61|                  5.42|
|  10|                          21.51|                      0.04|                        17.33|                         0.23|                        0.22|                   3.01|                       5.9|                  5.59|
|  11|                          21.55|                      0.04|                        18.14|                         0.23|                        0.22|                   2.95|                      6.09|                  5.58|
|  12|                          21.91|                      0.04|                        18.46|                         0.22|                        0.22|                   2.92|                       6.4|                  5.79|
|  13|                          22.16|                      0.03|                         18.9|                         0.22|                        0.21|                    2.9|                      6.15|                  5.74|
|  14|                          21.93|                      0.06|                        19.18|                         0.22|                        0.21|                   2.91|                      6.14|                  5.61|
|  15|                          22.04|                      0.06|                         19.1|                         0.22|                        0.21|                   2.98|                      6.37|                  5.44|
|  16|                          21.86|                      0.07|                        18.83|                         0.22|                        0.22|                   3.07|                      5.84|                  5.32|
|  17|                          21.35|                      0.06|                        17.69|                         0.22|                        0.22|                   2.91|                      6.07|                  5.12|
|  18|                          20.69|                      0.05|                         16.1|                         0.22|                        0.21|                   2.84|                      5.48|                  5.13|
|  19|                          19.88|                      0.03|                        14.64|                         0.22|                        0.21|                   2.79|                      5.96|                   5.4|
|  20|                          19.54|                      0.06|                        13.78|                         0.22|                        0.21|                   2.83|                      6.49|                  5.61|
|  21|                          19.19|                      0.06|                        13.13|                         0.22|                        0.21|                   2.97|                      5.98|                  5.63|
|  22|                          19.04|                      0.08|                        12.47|                         0.22|                        0.21|                   2.98|                       6.4|                   5.6|
|  23|                           19.0|                      0.06|                        12.14|                         0.22|                        0.21|                   2.98|                      5.96|                  5.44|
+----+-------------------------------+--------------------------+-----------------------------+-----------------------------+----------------------------+-----------------------+--------------------------+----------------------+

+----+----------------------------+-----------------------+--------------------------+--------------------------+-------------------------+--------------------+-----------------------+-------------------+
|Hour|var_HourlyDryBulbTemperature|var_HourlyPrecipitation|var_HourlyRelativeHumidity|var_HourlySeaLevelPressure|var_HourlyStationPressure|var_HourlyVisibility|var_HourlyWindGustSpeed|var_HourlyWindSpeed|
+----+----------------------------+-----------------------+--------------------------+--------------------------+-------------------------+--------------------+-----------------------+-------------------+
|   0|                      355.28|                    0.0|                    135.61|                      0.05|                     0.04|                9.21|                  29.28|               29.4|
|   1|                       345.8|                    0.0|                    128.51|                      0.05|                     0.05|                 9.8|                  35.37|              29.54|
|   2|                      347.24|                    0.0|                    121.86|                      0.05|                     0.05|                10.3|                  38.19|              29.12|
|   3|                       348.3|                    0.0|                    114.75|                      0.05|                     0.05|               10.73|                  28.11|              29.76|
|   4|                      353.11|                    0.0|                    108.37|                      0.05|                     0.05|               11.01|                  31.05|               29.7|
|   5|                      369.05|                    0.0|                    107.65|                      0.05|                     0.05|               11.12|                  33.93|              28.91|
|   6|                      407.48|                    0.0|                    127.97|                      0.05|                     0.05|               11.04|                  31.74|              27.95|
|   7|                       438.6|                    0.0|                    174.09|                      0.05|                     0.05|               10.83|                  29.32|              27.81|
|   8|                      443.21|                    0.0|                    224.49|                      0.05|                     0.05|                9.99|                  31.67|              28.55|
|   9|                       457.7|                    0.0|                    267.87|                      0.05|                     0.05|                9.29|                  31.43|              29.41|
|  10|                      462.64|                    0.0|                    300.35|                      0.05|                     0.05|                9.06|                  34.84|              31.24|
|  11|                      464.56|                    0.0|                    329.11|                      0.05|                     0.05|                8.69|                  37.12|              31.11|
|  12|                      480.16|                    0.0|                    340.73|                      0.05|                     0.05|                8.52|                  41.01|              33.56|
|  13|                      491.26|                    0.0|                     357.3|                      0.05|                     0.05|                8.41|                  37.83|              32.93|
|  14|                      480.98|                    0.0|                    367.87|                      0.05|                     0.05|                8.49|                  37.75|               31.5|
|  15|                      485.59|                    0.0|                    364.74|                      0.05|                     0.04|                8.89|                  40.53|              29.61|
|  16|                      477.77|                   0.01|                    354.69|                      0.05|                     0.05|                9.44|                  34.07|              28.31|
|  17|                      455.83|                    0.0|                    312.99|                      0.05|                     0.05|                8.45|                  36.88|              26.17|
|  18|                      428.02|                    0.0|                    259.08|                      0.05|                     0.04|                8.09|                  30.01|              26.28|
|  19|                       395.3|                    0.0|                    214.35|                      0.05|                     0.05|                7.79|                  35.47|              29.19|
|  20|                      381.95|                    0.0|                    189.97|                      0.05|                     0.05|                8.04|                  42.12|              31.45|
|  21|                       368.4|                    0.0|                    172.37|                      0.05|                     0.05|                8.83|                   35.8|              31.65|
|  22|                      362.37|                   0.01|                    155.47|                      0.05|                     0.05|                8.87|                  40.96|              31.36|
|  23|                      360.95|                    0.0|                    147.34|                      0.05|                     0.05|                8.88|                  35.55|               29.6|
+----+----------------------------+-----------------------+--------------------------+--------------------------+-------------------------+--------------------+-----------------------+-------------------+
